0.003185
0.003245
0.003247
0.003248
0.003249
0.003250
0.003251
0.003252
0.003254
0.003255
0.003256
0.003257
0.003258
0.003259
0.003260
0.003261
0.003262
0.003263
0.003264
0.003265
0.003266
0.003267
0.003268
0.003269
0.003270
0.003271
0.003272
0.003273
0.003274
0.003275
0.003276
0.003277
0.003278
0.003279
0.003280
0.003281
0.003282
0.003283
0.003283
0.003284
0.003285
0.003286
0.003287
0.003288
0.003289
0.003290
0.003291
0.003292
0.003293
0.003294
0.003295
0.003296
0.003297
0.003298
0.003299
0.003300
0.003301
0.003302
0.003303
0.003304
0.003305
0.003306
0.003307
0.003308
0.003309
0.003310
0.003311
0.003312
0.003313
0.003314
0.003315
0.003316
0.003317
0.003318
0.003319
0.003320
0.003321
0.003322
0.003323
0.003324
0.003325
0.003326
0.003327
0.003328
0.003329
0.003330
0.003331
0.003332
0.003333
0.003334
0.003335
0.003336
0.003337
0.003338
0.003338
0.003339
0.003340
0.003341
0.003342
0.003343
