0.000718
0.000842
0.000844
0.000846
0.000847
0.000848
0.000849
0.000850
0.000851
0.000852
0.000853
0.000855
0.000856
0.000857
0.000858
0.000859
0.000860
0.000860
0.000861
0.000863
0.000863
0.000864
0.000865
0.000866
0.000867
0.000868
0.000869
0.000870
0.000871
0.000872
0.000873
0.000874
0.000875
0.000876
0.000878
0.000879
0.000880
0.000882
0.000882
0.000883
0.000885
0.000886
0.000887
0.000888
0.000889
0.000890
0.000891
0.000892
0.000893
0.000894
0.000894
0.000895
0.000896
0.000897
0.000898
0.000899
0.000900
0.000901
0.000902
0.000903
0.000904
0.000905
0.000906
0.000907
0.000908
0.000909
0.000910
0.000911
0.000912
0.000913
0.000914
0.000915
0.000916
0.000917
0.000918
0.000919
0.000920
0.000921
0.000922
0.000923
0.000924
0.000925
0.000926
0.000927
0.000928
0.000930
0.000931
0.000932
0.000933
0.000934
0.000935
0.000936
0.000936
0.000937
0.000938
0.000940
0.000941
0.000942
0.000943
0.000944
